10477573566
11445807951
1220681192
12345678
12460813093
1499999761581
1630383893
1630384122
1630384196
1630384236
1630384289
1630384321
1630384361
1630384572
1630384704
1630384839
1630384868
1630385349
1630385399
1630385436
1630385472
1630385513
1630385547
1630385582
1630385651
1630385691
1630385731
1630385774
1630385820
1630386119
1633999991
1634000088
1648232370
1648232397
1648763814
1662746190
1662748326
1663292963
1663601742
1663711593
1666669845581
1675359452
1675359528
1675359589
1675359882
1675359919
1675359985
1675360035
1675360123
1675360201
1675360305
1675360355
1675360428
1675360469
1675360579
1675360636
1676596000
1679939885
1679939951
174293311
175293311
176293311
177293311
200000003
2016056011
2017056011
2020056011
2200000000000000
2222222222222222
24293311
25293311
25962901
26293311
270284611
271284611
27293311
290136319
300000012
355361402
3680605
3680705
3680805
374366008
41415033
4163915111
4164915111
4165915111
4166666790843
4166915111
44444444444
45833298563957
49062502
5089930
526433345
56113708
5696074
57269156
579453945
63055211
64055211
65055211
6521811
66055211
6761535
6770089
7430070991
7430070993
7430070997
7430071005
7430071013
7430071038
7430071039
7430071041
7430071044
7430071049
7430071065
7430071082
74300711000
7430071105
7430071109
743007111211
74300711135
7430071117764884
7430071119
74300711219
7430071131
7430071134
74300711460
74300711474646
74300711483
7430071153
743007115767
7430071161
7430071172
7430071175
7521811
7647078
776820868
7777777777
7777777777777777
7777777777777888
7777888888888888
7854333
815004945
819770932
8239982
8282810
8294992839
8521811
85712920
86264515
8888888
888888888888888
8888888888888888
8888888899888888
8899898988998898
8899899988998989
8999899999998988
92507405
9295521072
9521811
95833301544189
96046448
96371817914
9791082183
98023224
9888888899988899
98951654
9989898998989998
99929899
99936831
999986172
9999899989998999
9999899999888999
9999899999998999
999995768
999999881
