105897927
113059239
125750702
128777973
128853357
129423030
129423131
129967390
129967478
134032333
161078086
178130996
180426354
180435571
180435792
180436148
180436334
182393478
182435998
182436842
182436935
182491037
182491065
182491248
182491277
182491368
182491423
206410289
206410433
261878266
261880743
261880783
261882463
261904959
34854607
35238053
42557901
42565285
42604978
433286977
433287000
433288124
433288134
433288767
433288775
433288821
433288836
433289821
433289832
433290663
433290688
433291265
433291278
433293218
433293231
45732894
471630112
471630199
507765000
507765644
507766951
507767714
507767968
507768133
507768375
507770239
507770453
507770677
507770818
507771019
507771955
507772104
507776043
507776720
507776879
507777268
507777451
507777623
507777826
507784897
507785072
522635514
522638767
54135717
56563112
61367186
62356652
65961537
66832495
66887593
67531804
67531848
67531924
67531995
67532015
67532038
67532051
67532059
67532093
67532103
67532118
67532153
67532206
67581509
81407474
922444331
922453111
922454202
922455502
97078724
97166444
97166756
