13251297521
1699715537
1699715541
1699715550
1699715557
1699715562
1699715576
1699715593
1699715602
1699715610
1699715616
1699715627
1699715632
1699715641
1699715652
2337186646
2337186741
2337186757
2337186767
2337186786
2337186800
2337186817
2337186836
2337186852
2337186867
2337186877
2337186892
2337186907
2337186921
2337186935
2545910049
2545910138
2545910166
2545910173
2545910179
2545910187
2545910199
2545910205
2545910212
2545910222
2545910251
2545910261
2545910269
2545910278
2545910284
2545944394
2545944441
2545944447
2545944458
2545944466
2545944471
2545944477
2545944488
2545944500
2545944509
2545944514
2545944522
2545944533
2545944560
2545944567
532219986
532219991
532219996
532219997
532219999
532220004
532220007
532220012
532220017
532220018
532220020
532220027
532220031
532220036
6811684646
6811684669
6811684671
6811684680
6811684683
6811684693
6811684699
6811684708
6811684717
6811684718
6811684729
6811684743
6811684747
6811684748
6811684759
6811684764
6811684765
6811684768
6811684785
6811684790
6811684791
6811684798
6811684811
6811684820
6811684822
6811684827
6811684834
6811684847
6811684852
6811684854
7430070993
7430071113
7608513838
7682955196
7682965109
7682965280
7805659077
