10319882993
10319903622
10358505520
10358526981
10382635795
10382771806
10382949241
10382960556
10404251500
10404269576
10404377900
10404404615
10404604071
10404627994
10477573566
10477577543
105897927
10692994039
10692994201
10847061332
10847107747
10847291554
10847298457
10899968825
10921541949
113059239
11445807850
11445807951
11445808011
11445818750
1214583705
1214583740
1214583744
1214583750
1214583755
1214583758
1214583760
1214583777
1214583783
1214583785
1214583792
1214583794
1214583797
1214583806
1214583809
1214596189
1214596202
1214596203
1214596215
1214596220
1214596222
1214596224
1214596229
1214596234
1214596237
1214596244
1214596249
1214596254
1214596258
1214596266
1214761673
1214761696
1214761705
1214761710
1214761714
1214761720
1214761723
1214761745
1214761751
1214761767
1214761771
1214761778
1214761779
1214761784
1214761788
1214763228
1214763231
1214763235
1214763239
1214763242
1214763249
1214763252
1214763256
1214763263
1214763267
1214763270
1214763274
1214763278
1214763287
1214763290
12433264053
12433264054
12433264058
12433264065
12433264077
12433264088
12433264090
12433264101
12433264102
12433264106
12433264107
12433264113
12433264115
12433264131
12433264135
12518152696
12520880485
12520972571
12520982150
12520993168
12520996634
12520999032
12521002003
12521004586
12521007694
12521009666
12521015053
12521018724
12521021991
12521027874
12521151637
12521158637
12521162526
12521169800
12521173533
12521178362
12521181508
12521184133
125750702
128777973
128853357
129423030
129423131
129967390
129967478
13251297521
13251297522
13251297523
13251297524
13251297525
13251297526
13251297527
13251297529
13251297556
13251297557
13251297558
13251297561
13251297563
13251297565
13251297577
134032333
144076759
1699715537
1699715541
1699715550
1699715557
1699715562
1699715576
1699715593
1699715602
1699715610
1699715616
1699715627
1699715632
1699715641
1699715652
178130996
180426354
180435571
180435792
180436148
180436334
182393478
182435998
182436842
182436935
182491037
182491065
182491248
182491277
182491368
182491423
206410289
206410433
2506281703
2510199791
2510201162
2610133241
261880743
2874840706
433286977
433287000
433288124
433288134
433288767
433288775
433288821
433288836
433289821
433289832
433290663
433290688
433291265
433291278
433293218
433293231
471630112
471630199
481825862
507765000
507765644
507766388
507766666
507766951
507767714
507767968
507768133
507768375
507770239
507770453
507770677
507770818
507771019
507771955
507772104
507776043
507776720
507776879
507777268
507777451
507777623
507777826
507784897
507785072
522635514
522638767
532219986
532219991
532219996
532219997
532219999
532220004
532220007
532220012
532220017
532220018
532220020
532220027
532220031
532220036
540798782
718426285
7377641680
7377643405
7377644034
7377645721
7377646353
7377647053
7377647805
7377648349
7377648957
7377649580
7377650045
7377650571
7377651014
7377651670
7377652138
7377652628
7377653107
7377654522
7377655508
7377656419
7377657484
7377658009
7377658504
7377659506
7430070991
7430070993
7430070997
7430071005
7430071013
7430071038
7430071039
7430071041
7430071044
7430071049
7430071065
7430071082
7430071100
7430071105
7430071109
7430071112
7430071113
7430071117
7430071119
7430071121
7430071131
7430071134
7430071146
7430071147
7430071148
7430071153
7430071157
7430071161
7430071172
7430071175
7715096377
7715106138
8082691629
8082693111
855777285
867826313
8732363171
8732363172
8732363185
8732363191
8732363195
8732363197
8732363199
8732363200
8732363229
8732363233
8732363242
8732363246
8732363252
8732363255
8732363291
913376220
913384386
913389285
913402848
922444331
922453111
922454202
922455502
97166444
97166756
9791082183
